thresholds = [ 0.00067 0.00133 0.00200 0.00267 0.00333 0.00400 0.00467 0.00533 0.00600 0.00667 0.00733 0.00800 0.00867 0.00933 0.01000 0.01067 0.01133 0.01200 0.01267 0.01333 0.01400 0.01467 0.01533 0.01600 0.01667 0.01733 0.01800 0.01867 0.01933 0.02000 0.02067 0.02133 0.02200 0.02267 0.02333 0.02400 0.02467 0.02533 0.02600 0.02667 0.02733 0.02800 0.02867 0.02933 0.03000 0.03067 0.03133 0.03200 0.03267 0.03333 0.03400 0.03467 0.03533 0.03600 0.03667 0.03733 0.03800 0.03867 0.03933 0.04000 0.04067 0.04133 0.04200 0.04267 0.04333 0.04400 0.04467 0.04533 0.04600 0.04667 0.04733 0.04800 0.04867 0.04933 0.05000 0.05067 0.05133 0.05200 0.05267 0.05333 0.05400 0.05467 0.05533 0.05600 0.05667 0.05733 0.05800 0.05867 0.05933 0.06000 0.06067 0.06133 0.06200 0.06267 0.06333 0.06400 0.06467 0.06533 0.06600 0.06667 0.06733 0.06800 0.06867 0.06933 0.07000 0.07067 0.07133 0.07200 0.07267 0.07333 0.07400 0.07467 0.07533 0.07600 0.07667 0.07733 0.07800 0.07867 0.07933 0.08000 0.08067 0.08133 0.08200 0.08267 0.08333 0.08400 0.08467 0.08533 0.08600 0.08667 0.08733 0.08800 0.08867 0.08933 0.09000 0.09067 0.09133 0.09200 0.09267 0.09333 0.09400 0.09467 0.09533 0.09600 0.09667 0.09733 0.09800 0.09867 0.09933 0.10000 ];
bowAICKorb_100words_wordthreshold_bl_330_0_BowAICKv2_mat_pos = [ 0.00148 0.01628 0.06144 0.13101 0.20725 0.28571 0.36343 0.44041 0.50851 0.57809 0.63434 0.69134 0.73797 0.77498 0.80977 0.83716 0.86603 0.87861 0.89711 0.90822 0.91710 0.92524 0.93264 0.94226 0.94597 0.95041 0.95411 0.95485 0.95781 0.96003 0.96299 0.96447 0.96521 0.96743 0.96817 0.96817 0.96891 0.97039 0.97113 0.97335 0.97335 0.97409 0.97483 0.97483 0.97631 0.97705 0.97705 0.97779 0.97779 0.97853 0.97927 0.98150 0.98150 0.98224 0.98224 0.98298 0.98372 0.98372 0.98372 0.98372 0.98372 0.98372 0.98372 0.98594 0.98668 0.98742 0.98816 0.99038 0.99186 0.99186 0.99186 0.99186 0.99186 0.99186 0.99186 0.99186 0.99186 0.99260 0.99334 0.99334 0.99334 0.99334 0.99334 0.99334 0.99408 0.99408 0.99408 0.99408 0.99408 0.99408 0.99408 0.99408 0.99408 0.99408 0.99482 0.99482 0.99482 0.99482 0.99482 0.99482 0.99482 0.99482 0.99482 0.99482 0.99482 0.99482 0.99482 0.99482 0.99482 0.99482 0.99482 0.99482 0.99482 0.99482 0.99482 0.99482 0.99556 0.99556 0.99556 0.99630 0.99630 0.99630 0.99630 0.99630 0.99630 0.99630 0.99630 0.99630 0.99630 0.99630 0.99704 0.99704 0.99704 0.99704 0.99704 0.99704 0.99704 0.99704 0.99704 0.99704 0.99704 0.99704 0.99704 0.99704 0.99704 0.99704 0.99704 0.99704 0.99704 0.99704 ; 0.00000 0.00593 0.02815 0.05778 0.09704 0.15111 0.20741 0.27037 0.33852 0.39778 0.45185 0.50815 0.56148 0.59259 0.63704 0.67481 0.70963 0.73852 0.76000 0.78667 0.80148 0.81852 0.83556 0.84741 0.86148 0.87185 0.87926 0.88667 0.89407 0.90000 0.90444 0.90963 0.91333 0.91481 0.92444 0.93037 0.93185 0.93333 0.93630 0.93852 0.94222 0.94593 0.94963 0.95111 0.95259 0.95407 0.95704 0.96000 0.96000 0.96074 0.96148 0.96148 0.96148 0.96148 0.96296 0.96444 0.96444 0.96519 0.96593 0.96741 0.96815 0.97037 0.97037 0.97111 0.97185 0.97259 0.97481 0.97556 0.97556 0.97556 0.97556 0.97556 0.97556 0.97556 0.97556 0.97704 0.97778 0.97778 0.97778 0.97778 0.97778 0.97778 0.97778 0.97852 0.97852 0.97852 0.97852 0.97852 0.97926 0.97926 0.97926 0.98000 0.98000 0.98074 0.98074 0.98148 0.98148 0.98148 0.98222 0.98222 0.98222 0.98222 0.98222 0.98222 0.98222 0.98222 0.98296 0.98296 0.98370 0.98370 0.98370 0.98370 0.98370 0.98370 0.98370 0.98370 0.98370 0.98370 0.98370 0.98370 0.98370 0.98370 0.98370 0.98370 0.98370 0.98370 0.98370 0.98370 0.98370 0.98370 0.98370 0.98370 0.98370 0.98370 0.98370 0.98370 0.98444 0.98444 0.98444 0.98444 0.98444 0.98444 0.98444 0.98444 0.98444 0.98444 0.98444 0.98444 0.98444 0.98444 ; ];
bowAICKorb_100words_wordthreshold_bl_330_0_BowAICKv2_avg_time = [0.00116 0.00115 ];
bowAICKorb_100words_wordthreshold_bl_350_0_BowAICKv2_mat_pos = [ 0.00518 0.02369 0.07328 0.13768 0.20799 0.29386 0.36936 0.45374 0.53220 0.59808 0.65877 0.71058 0.75796 0.79497 0.82235 0.84826 0.86677 0.88453 0.90081 0.91044 0.92080 0.92820 0.93486 0.94449 0.94745 0.95115 0.95263 0.95559 0.96077 0.96595 0.96817 0.96891 0.97113 0.97113 0.97261 0.97261 0.97335 0.97335 0.97335 0.97483 0.97631 0.97631 0.97705 0.97705 0.97853 0.97853 0.97927 0.97927 0.98075 0.98150 0.98224 0.98298 0.98372 0.98372 0.98446 0.98446 0.98520 0.98594 0.98594 0.98668 0.98816 0.98890 0.98964 0.99038 0.99038 0.99038 0.99038 0.99112 0.99112 0.99260 0.99334 0.99334 0.99334 0.99334 0.99334 0.99334 0.99408 0.99482 0.99482 0.99482 0.99482 0.99482 0.99482 0.99482 0.99482 0.99482 0.99482 0.99482 0.99482 0.99482 0.99482 0.99482 0.99482 0.99482 0.99482 0.99482 0.99482 0.99482 0.99482 0.99482 0.99482 0.99482 0.99482 0.99482 0.99482 0.99482 0.99482 0.99482 0.99482 0.99556 0.99556 0.99556 0.99556 0.99556 0.99556 0.99630 0.99630 0.99630 0.99630 0.99630 0.99630 0.99630 0.99630 0.99630 0.99630 0.99630 0.99630 0.99630 0.99630 0.99630 0.99630 0.99630 0.99630 0.99630 0.99630 0.99704 0.99704 0.99704 0.99704 0.99704 0.99704 0.99704 0.99704 0.99704 0.99704 0.99704 0.99704 0.99704 0.99704 0.99704 ; 0.00296 0.01333 0.03556 0.06815 0.11926 0.16222 0.22370 0.29852 0.36074 0.41926 0.47704 0.52519 0.57556 0.61704 0.65556 0.69259 0.72148 0.74963 0.77556 0.80000 0.82222 0.83630 0.84815 0.85778 0.86741 0.87704 0.88296 0.88593 0.89259 0.89926 0.90519 0.91185 0.91407 0.92000 0.92296 0.92370 0.92593 0.92815 0.93259 0.93630 0.93852 0.94148 0.94370 0.94444 0.94741 0.94741 0.94889 0.95111 0.95333 0.95407 0.95630 0.95852 0.95926 0.96074 0.96074 0.96148 0.96222 0.96296 0.96370 0.96444 0.96519 0.96593 0.96593 0.96667 0.96667 0.96741 0.96963 0.96963 0.96963 0.96963 0.96963 0.96963 0.96963 0.96963 0.96963 0.97037 0.97111 0.97111 0.97185 0.97333 0.97556 0.97630 0.97630 0.97630 0.97704 0.97704 0.97704 0.97778 0.97778 0.97778 0.97778 0.97778 0.97778 0.97778 0.97778 0.97778 0.97852 0.97852 0.97852 0.97926 0.97926 0.97926 0.98000 0.98000 0.98000 0.98222 0.98222 0.98222 0.98222 0.98296 0.98296 0.98296 0.98296 0.98296 0.98296 0.98296 0.98296 0.98296 0.98370 0.98370 0.98370 0.98444 0.98444 0.98444 0.98444 0.98444 0.98444 0.98444 0.98444 0.98444 0.98444 0.98444 0.98444 0.98444 0.98519 0.98593 0.98593 0.98593 0.98593 0.98593 0.98667 0.98667 0.98667 0.98667 0.98667 0.98667 0.98667 0.98667 0.98667 0.98667 ; ];
bowAICKorb_100words_wordthreshold_bl_350_0_BowAICKv2_avg_time = [0.00159 0.00162 ];
