--------------------START--------------------
starting setup
0.001044 0/1352
0.501233 23/1352
1.001800 61/1352
1.501866 98/1352
2.001930 128/1352
2.501994 154/1352
3.002058 187/1352
3.502122 224/1352
4.002185 253/1352
4.502249 284/1352
5.002312 315/1352
5.502374 350/1352
6.002438 380/1352
6.502500 406/1352
7.002563 430/1352
7.502627 458/1352
8.002691 490/1352
8.502756 512/1352
9.002819 538/1352
9.502880 569/1352
10.002944 596/1352
10.503006 626/1352
11.003069 657/1352
11.503132 684/1352
12.003216 716/1352
12.503277 744/1352
13.003342 769/1352
13.503403 798/1352
14.003468 827/1352
14.503533 866/1352
15.003597 895/1352
15.503662 921/1352
16.003729 947/1352
16.503792 972/1352
17.003857 1006/1352
17.503920 1037/1352
18.003965 1069/1352
18.504032 1095/1352
19.004095 1125/1352
19.504160 1153/1352
20.004225 1186/1352
20.504288 1218/1352
21.004353 1250/1352
21.504417 1278/1352
22.004482 1305/1352
22.504545 1329/1352
23.004642 1352/1352
0/2701 Time spent: 0.000001
837/2701 Time spent: 20.000072
1654/2701 Time spent: 40.000145
2517/2701 Time spent: 60.000225
thresholds = [ 0.00067 0.00133 0.00200 0.00267 0.00333 0.00400 0.00467 0.00533 0.00600 0.00667 0.00733 0.00800 0.00867 0.00933 0.01000 0.01067 0.01133 0.01200 0.01267 0.01333 0.01400 0.01467 0.01533 0.01600 0.01667 0.01733 0.01800 0.01867 0.01933 0.02000 0.02067 0.02133 0.02200 0.02267 0.02333 0.02400 0.02467 0.02533 0.02600 0.02667 0.02733 0.02800 0.02867 0.02933 0.03000 0.03067 0.03133 0.03200 0.03267 0.03333 0.03400 0.03467 0.03533 0.03600 0.03667 0.03733 0.03800 0.03867 0.03933 0.04000 0.04067 0.04133 0.04200 0.04267 0.04333 0.04400 0.04467 0.04533 0.04600 0.04667 0.04733 0.04800 0.04867 0.04933 0.05000 0.05067 0.05133 0.05200 0.05267 0.05333 0.05400 0.05467 0.05533 0.05600 0.05667 0.05733 0.05800 0.05867 0.05933 0.06000 0.06067 0.06133 0.06200 0.06267 0.06333 0.06400 0.06467 0.06533 0.06600 0.06667 0.06733 0.06800 0.06867 0.06933 0.07000 0.07067 0.07133 0.07200 0.07267 0.07333 0.07400 0.07467 0.07533 0.07600 0.07667 0.07733 0.07800 0.07867 0.07933 0.08000 0.08067 0.08133 0.08200 0.08267 0.08333 0.08400 0.08467 0.08533 0.08600 0.08667 0.08733 0.08800 0.08867 0.08933 0.09000 0.09067 0.09133 0.09200 0.09267 0.09333 0.09400 0.09467 0.09533 0.09600 0.09667 0.09733 0.09800 0.09867 0.09933 0.10000 ];
originalAICKsurf_0_AICK_mat_pos = [ 0.01184 0.05255 0.14286 0.24426 0.37380 0.50259 0.61510 0.70022 0.77202 0.82383 0.86380 0.89563 0.91710 0.93190 0.94375 0.94967 0.95411 0.96077 0.96299 0.96669 0.97039 0.97261 0.97335 0.97409 0.97705 0.97779 0.97927 0.98075 0.98150 0.98224 0.98520 0.98520 0.98520 0.98594 0.98742 0.98742 0.98742 0.98742 0.98742 0.98890 0.99038 0.99260 0.99260 0.99334 0.99334 0.99334 0.99408 0.99482 0.99482 0.99556 0.99630 0.99630 0.99704 0.99704 0.99704 0.99704 0.99704 0.99704 0.99778 0.99778 0.99778 0.99778 0.99778 0.99852 0.99852 0.99852 0.99926 0.99926 0.99926 0.99926 0.99926 0.99926 0.99926 0.99926 0.99926 0.99926 0.99926 0.99926 0.99926 0.99926 0.99926 0.99926 0.99926 0.99926 0.99926 0.99926 0.99926 0.99926 0.99926 1.00000 1.00000 1.00000 1.00000 1.00000 1.00000 1.00000 1.00000 1.00000 1.00000 1.00000 1.00000 1.00000 1.00000 1.00000 1.00000 1.00000 1.00000 1.00000 1.00000 1.00000 1.00000 1.00000 1.00000 1.00000 1.00000 1.00000 1.00000 1.00000 1.00000 1.00000 1.00000 1.00000 1.00000 1.00000 1.00000 1.00000 1.00000 1.00000 1.00000 1.00000 1.00000 1.00000 1.00000 1.00000 1.00000 1.00000 1.00000 1.00000 1.00000 1.00000 1.00000 1.00000 1.00000 1.00000 1.00000 1.00000 1.00000 1.00000 1.00000 1.00000 ; 0.00444 0.03704 0.08444 0.15037 0.22815 0.32222 0.40000 0.48000 0.56667 0.63185 0.68444 0.73185 0.77556 0.81704 0.84593 0.86889 0.87926 0.89630 0.91185 0.92074 0.93111 0.93481 0.93926 0.94222 0.94667 0.94889 0.95333 0.95704 0.96296 0.96444 0.96889 0.97111 0.97185 0.97259 0.97481 0.97704 0.98000 0.98000 0.98148 0.98370 0.98444 0.98519 0.98519 0.98519 0.98667 0.98741 0.98741 0.98741 0.98815 0.98963 0.99111 0.99111 0.99259 0.99259 0.99259 0.99333 0.99407 0.99407 0.99407 0.99407 0.99407 0.99556 0.99556 0.99630 0.99630 0.99630 0.99630 0.99630 0.99630 0.99630 0.99630 0.99630 0.99630 0.99630 0.99630 0.99630 0.99630 0.99630 0.99704 0.99704 0.99704 0.99704 0.99704 0.99778 0.99778 0.99778 0.99778 0.99852 0.99852 0.99852 0.99852 0.99852 0.99852 0.99852 0.99852 0.99852 0.99852 0.99852 0.99852 0.99852 0.99852 0.99852 0.99852 0.99852 0.99852 0.99852 0.99926 0.99926 0.99926 0.99926 0.99926 0.99926 0.99926 0.99926 0.99926 0.99926 0.99926 0.99926 0.99926 0.99926 0.99926 1.00000 1.00000 1.00000 1.00000 1.00000 1.00000 1.00000 1.00000 1.00000 1.00000 1.00000 1.00000 1.00000 1.00000 1.00000 1.00000 1.00000 1.00000 1.00000 1.00000 1.00000 1.00000 1.00000 1.00000 1.00000 1.00000 1.00000 1.00000 1.00000 ; ];
originalAICKsurf_0_AICK_avg_time = [0.27834 0.27679 ];
0/16206 Time spent: 0.000001
14602/16206 Time spent: 20.000072
thresholds = [ 0.00067 0.00133 0.00200 0.00267 0.00333 0.00400 0.00467 0.00533 0.00600 0.00667 0.00733 0.00800 0.00867 0.00933 0.01000 0.01067 0.01133 0.01200 0.01267 0.01333 0.01400 0.01467 0.01533 0.01600 0.01667 0.01733 0.01800 0.01867 0.01933 0.02000 0.02067 0.02133 0.02200 0.02267 0.02333 0.02400 0.02467 0.02533 0.02600 0.02667 0.02733 0.02800 0.02867 0.02933 0.03000 0.03067 0.03133 0.03200 0.03267 0.03333 0.03400 0.03467 0.03533 0.03600 0.03667 0.03733 0.03800 0.03867 0.03933 0.04000 0.04067 0.04133 0.04200 0.04267 0.04333 0.04400 0.04467 0.04533 0.04600 0.04667 0.04733 0.04800 0.04867 0.04933 0.05000 0.05067 0.05133 0.05200 0.05267 0.05333 0.05400 0.05467 0.05533 0.05600 0.05667 0.05733 0.05800 0.05867 0.05933 0.06000 0.06067 0.06133 0.06200 0.06267 0.06333 0.06400 0.06467 0.06533 0.06600 0.06667 0.06733 0.06800 0.06867 0.06933 0.07000 0.07067 0.07133 0.07200 0.07267 0.07333 0.07400 0.07467 0.07533 0.07600 0.07667 0.07733 0.07800 0.07867 0.07933 0.08000 0.08067 0.08133 0.08200 0.08267 0.08333 0.08400 0.08467 0.08533 0.08600 0.08667 0.08733 0.08800 0.08867 0.08933 0.09000 0.09067 0.09133 0.09200 0.09267 0.09333 0.09400 0.09467 0.09533 0.09600 0.09667 0.09733 0.09800 0.09867 0.09933 0.10000 ];
